(44.751020421919975 49.629082089250346,Product,2220.9520660971853)
(95.4590939415824 92.05281454048574,Product,8787.27827080729)
(66.18769728945556 68.6459612876248,Product,4543.518105848995)
(80.82012991183066 79.03836724069087,Product,6387.891108411617)
(27.259522357265688 23.277763537838382,Product,634.5407155868494)
(42.07529843322515 46.931580634050405,Product,1974.6602611206408)
(22.022095286096388 24.250722318512807,Product,534.0517176549533)
(7.567481272909804 8.376952395428221,Product,63.392430376459984)
(66.26329970337672 69.40846231853955,Product,4599.2337405639155)
(35.74316815422196 37.15008714497207,Product,1327.8618117667363)
(44.751020421919975 49.629082089250346,Sum,94.38010251117032)
(95.4590939415824 92.05281454048574,Sum,187.51190848206812)
(66.18769728945556 68.6459612876248,Sum,134.83365857708037)
(80.82012991183066 79.03836724069087,Sum,159.85849715252152)
(27.259522357265688 23.277763537838382,Sum,50.53728589510407)
(42.07529843322515 46.931580634050405,Sum,89.00687906727555)
(22.022095286096388 24.250722318512807,Sum,46.272817604609195)
(7.567481272909804 8.376952395428221,Sum,15.944433668338025)
(66.26329970337672 69.40846231853955,Sum,135.67176202191627)
(35.74316815422196 37.15008714497207,Sum,72.89325529919404)
