25.905700528561887
42.989671986773224
26.25517730990684
48.656493964062186
7.250855112646409
31.613544317421553
16.676686316515234
28.044440377229378
44.02466805842261
17.1329019149668
1.0048041173587006
3.0961166642287106
35.807232266667015
29.819767311473885
48.61396957790014
41.314503054612665
11.630433779883347
17.482872781508227
37.32323667755838
41.19081500312857
37.642909269976556
31.262589878891838
4.076059763294468
44.536942956130986
33.22453933796511
8.450330153864618
8.828432125664186
34.05585766047366
40.330059949538814
1.8905505765546065
29.07777174703515
48.50551468247976
12.467328164496516
17.751035574203573
2.8565566255622974
36.42990175918251
8.12302425043439
48.70592685503911
21.6875700163402
7.580304410625134
26.637036555653147
37.86599218240043
8.951723252906035
24.830547345230688
31.49651583550783
6.111945295972025
41.35473962916588
34.60185266958915
17.771545858254253
20.839125665770485
19.69564221288594
39.556137150170144
40.94660306073723
37.50566985134295
28.93778917366858
7.590988434275685
2.7154887650963886
24.79134128883791
9.662321859417089
7.97521422099889
8.402086687892265
13.620449135809135
24.344250207797355
7.800769324444271
7.545332076924062
43.77985530412869
5.532989831559172
8.795050184601802
43.84396067207852
47.371850005446085
22.942011554434036
2.9369374816161127
22.09511542341446
44.881701417984566
31.656392853170424
34.25063957275705
2.980589973008999
20.21098220407371
45.15236570835255
43.61331110143236
37.555485459463405
13.630338723425956
21.5896207815117
34.40557480032101
47.07626726734468
14.23910078690449
25.88490463517908
48.358494543522326
46.36869590218841
17.18424096458912
43.40461965713553
11.006204889233667
31.28081865371138
48.58741556289938
24.724433091663354
28.740330282107642
42.89221986142647
12.856399020942389
22.79554189632547
38.58047610242711
20.0578906563805
